0:56:58        106.63273      10.80981      198
0:56:58        106.63273      10.80981      194
0:57:15        106.61867      10.80450      404
0:57:15        106.61867      10.80450      407
0:57:33        106.60569      10.79942      564
0:57:33        106.60569      10.79942      582
0:57:49        106.59114      10.79449      716
0:58:10        106.57292      10.79812      884
0:58:28        106.56406      10.81171      1006
0:58:45        106.56658      10.82684      1067
0:59:04        106.57900      10.84248      1128
0:59:20        106.59037      10.85631      1196
0:59:54        106.61857      10.89011      1547
1:00:24        106.64249      10.91949      1905
1:00:54        106.66744      10.95003      2256
1:02:25        106.74326      11.04266      3170
1:02:55        106.77125      11.07664      3299
1:03:25        106.80094      11.11295      3429
1:03:55        106.83342      11.15261      3612
1:04:25        106.86633      11.19269      3879
1:04:55        106.90020      11.23399      4145
1:05:29        106.93832      11.28045      4465
1:06:00        106.97501      11.32503      4709
1:06:30        107.01093      11.36871      4961
1:07:30        107.08408      11.45781      5258
1:08:00        107.12214      11.50404      5364
1:08:30        107.16192      11.55244      5532
1:09:00        107.20175      11.60046      5707
1:09:35        107.24948      11.65846      5898
1:10:05        107.29082      11.70868      6043
1:10:35        107.33166      11.75835      6195
1:11:37        107.41897      11.86407      6507
1:12:08        107.46116      11.91518      6652
1:12:42        107.51192      11.97665      6820
1:13:12        107.55592      12.02989      6942
1:13:45        107.60498      12.08904      7064
1:14:16        107.65153      12.14502      7193
1:14:46        107.69570      12.19827      7323
1:15:17        107.74186      12.25381      7422
1:15:47        107.78900      12.31064      7544
1:16:19        107.83891      12.36683      7666
1:16:49        107.88953      12.42041      7780
1:17:19        107.93918      12.47274      7879
1:17:53        107.99430      12.53093      7986
1:18:24        108.04355      12.58689      8092
1:18:54        108.08804      12.64513      8207
1:19:25        108.13043      12.70387      8298
1:19:56        108.17678      12.76798      8435
1:20:26        108.21895      12.82603      8534
1:20:57        108.26328      12.88706      8633
1:21:35        108.31999      12.96540      8786
1:22:05        108.36398      13.02601      8946
1:22:35        108.40663      13.08490      9098
1:23:05        108.44941      13.14386      9243
1:23:36        108.49129      13.20156      9380
1:24:06        108.53716      13.26459      9441
1:24:36        108.57812      13.32083      9586
1:25:06        108.61827      13.37595      9716
1:25:36        108.66056      13.43394      9845
1:26:06        108.70307      13.49237      9952
1:26:36        108.74376      13.54834      10104
1:27:07        108.78899      13.61037      10310
1:28:07        108.87352      13.72591      10630
1:28:43        108.92206      13.79233      10782
1:29:17        108.96823      13.85558      10904
1:29:55        109.02269      13.93323      11026
1:30:36        109.05058      14.02126      11057
1:31:08        109.05953      14.09615      11163
1:31:40        109.06819      14.16788      11270
1:31:55        109.07212      14.17323      11026
1:32:36        109.07234      14.18126      11057
1:32:08        109.07256      14.20615      11163
1:32:40        109.07265      14.21788      11270
1:32:28        109.09166      14.27962      11278
1:33:01        109.09078      14.35428      11270
1:33:52        109.10612      14.47998      11270
1:34:33        109.11775      14.57457      11270
1:35:04        109.12652      14.64654      11278
1:35:34        109.13539      14.71935      11270
1:36:04        109.14420      14.79149      11278
1:36:34        109.15302      14.86354      11270
1:37:11        109.16383      14.95244      11270
1:37:54        109.17634      15.05457      11270
1:38:24        109.18507      15.12603      11270
1:38:54        109.19389      15.19785      11278
1:39:02        109.19507      15.22603      11270
1:39:14        109.19889      15.24785      11278
1:39:25        109.20261      15.26884      11278
1:39:55        109.21131      15.34013      11270
1:40:25        109.22010      15.41130      11270
1:40:55        109.22892      15.48322      11278
1:41:25        109.23770      15.55487      11278
1:41:56        109.24638      15.62540      11278
1:42:30        109.25673      15.71008      11270
1:43:02        109.26583      15.78401      11278
1:43:32        109.27436      15.85410      11278
1:44:02        109.28321      15.92631      11278
1:44:49        109.29671      16.03610      11278
1:45:40        109.31161      16.15754      11278
1:46:10        109.31980      16.22439      11278
1:47:05        109.33599      16.35548      11278
1:47:35        109.34472      16.42619      11278
1:47:57        109.35281      16.47907      11278
1:49:05        109.43550      16.62576      11278
1:49:54        109.48522      16.73515      11270
1:50:20        109.52015      16.79484      11270
1:52:45        109.83248      17.01522      11270
1:53:24        110.18507      17.12603      11270
1:53:54        110.19389      17.19785      11278
1:56:25        110.22010      17.41130      11270
1:56:55        110.22892      17.48322      11278
1:57:25        110.23770      17.55487      11278
1:57:56        111.24638      17.62540      11278
1:59:32        111.27436      17.85410      11278
2:00:02        111.28321      17.92631      11278
2:01:49        111.29671      17.03610      11278
2:06:05        112.33599      18.35548      11278
2:08:35        112.34472      18.42619      11278
2:09:57        112.35281      18.47907      11278
2:15:05        113.43550      18.62576      11278
2:16:54        113.48522      18.73515      11270
2:18:20        113.52015      18.79484      11270
2:19:40        113.55480      18.83211      11270
2:26:22        113.66327      18.99636      11278
2:26:54        113.84353      19.03442      11278
2:26:22        114.06327      19.29636      11278
2:26:54        114.24353      19.33442      11278
2:26:22        114.36327      19.49636      11278
2:26:54        114.44353      19.63442      11278
2:26:22        114.56327      19.79636      11278
2:26:54        114.64353      19.83442      11278
2:27:27        114.72608      19.87362      11278
2:29:45        115.07754      20.04102      11270
2:30:24        115.17429      20.08704      11278
2:30:54        115.25232      20.12402      11270
2:33:01        115.57549      20.27660      11270
2:37:03        116.19550      20.56683      11278
2:39:04        116.50577      20.71086      11278
2:40:30        116.72817      20.81355      11278
2:41:00        116.80507      20.84898      11278
2:42:52        117.09338      20.98142      11270
2:43:25        117.17943      21.02071      11270
2:43:55        117.25784      21.05646      11278
2:44:25        117.33592      21.09198      11278
2:46:25        117.65913      21.20448      11270
2:46:55        117.74541      21.22503      11270
2:47:28        117.83616      21.24660      11270
2:47:59        117.92501      21.26758      11278
2:48:32        118.01860      21.28969      11270
2:49:08        118.12036      21.31361      11278
2:50:46        118.39916      21.37875      11270
2:51:17        118.48501      21.39871      11278
2:51:48        118.57224      21.41892      11278
2:52:18        118.65458      21.43800      11270
2:52:48        118.74288      21.45836      11278
2:53:18        118.82358      21.47694      11270
2:53:51        118.91749      21.49852      11270
2:54:22        119.00520      21.51865      11270
2:54:52        119.08997      21.53800      11278
2:55:24        119.18159      21.55884      11270
2:55:54        119.26300      21.57738      11270
2:56:24        119.34860      21.59679      11278
2:56:54        119.43400      21.61611      11278
2:57:24        119.51782      21.63496      11270
2:57:54        119.60081      21.65369      11278
2:58:24        119.68551      21.67268      11278
2:58:54        119.77046      21.69171      11270
2:59:24        119.85370      21.71040      11270
2:59:54        119.93800      21.72905      11278
3:00:24        120.02528      21.74846      11278
3:00:54        120.10588      21.76630      11278
3:01:25        120.19268      21.78543      11285
3:01:55        120.27408      21.80338      11278
3:02:25        120.35482      21.82118      11278
3:02:55        120.43662      21.83917      11270
3:03:27        120.52567      21.85860      11278
3:03:57        120.60981      21.87703      11270
3:04:27        120.68926      21.89433      11278
3:04:58        120.78008      21.91405      11270
3:05:28        120.86243      21.93132      11278
3:06:00        120.94976      21.94752      11270
3:06:31        121.03902      21.96330      11278
3:07:01        121.12106      21.97810      11270
3:07:21        121.17081      21.99326      11270
3:07:52        121.24893      22.03564      11278
3:08:24        121.31994      22.08890      11270
3:08:58        121.39059      22.14148      11270
3:09:31        121.46275      22.19536      11278
3:10:03        121.53466      22.24883      11270
3:10:34        121.60207      22.29880      11270
3:11:04        121.66880      22.34833      11270
3:11:35        121.73446      22.39687      11278
3:12:06        121.80049      22.44591      11270
3:12:36        121.86764      22.49561      11278
3:13:07        121.93451      22.54497      11270
3:13:39        122.00414      22.59632      11270
3:14:12        122.07763      22.65038      11270
3:14:42        122.14300      22.69836      11278
3:15:12        122.20805      22.74612      11270
3:16:25        122.37035      22.86502      11270
3:17:02        122.45511      22.92700      11278
3:17:42        122.53957      22.98871      11270
3:18:42        122.67394      23.08640      11270
3:19:13        122.74516      23.13809      11270
3:19:44        122.81332      23.18747      11270
3:20:14        122.88218      23.23741      11270
3:20:57        122.97908      23.30689      11278
3:21:37        123.07139      23.36783      11278
3:22:26        123.18995      23.44281      11270
3:22:57        123.26380      23.48942      11270
3:23:27        123.33567      23.53472      11278
3:24:07        123.43699      23.59840      11270
3:24:37        123.50754      23.64262      11270
3:25:09        123.58717      23.69262      11278
3:25:40        123.66419      23.74077      11278
3:26:10        123.73787      23.78675      11270
3:26:41        123.80864      23.83090      11278
3:27:25        123.92138      23.90108      11270
3:27:56        123.99507      23.94698      11270
3:28:29        124.07354      23.99721      11278
3:29:03        124.15701      24.05135      11278
3:29:33        124.23013      24.09870      11278
3:30:03        124.30293      24.14575      11278
3:30:37        124.38492      24.19872      11270
3:31:09        124.46233      24.24852      11278
3:31:41        124.53889      24.29752      11270
3:32:12        124.61482      24.34616      11270
3:32:56        124.72338      24.41558      11278
3:33:26        124.79406      24.46064      11270
3:33:56        124.86827      24.50784      11278
3:34:26        124.94212      24.55482      11270
3:34:56        125.01364      24.60025      11270
3:35:26        125.08794      24.64732      11270
3:35:56        125.16179      24.69410      11278
3:36:26        125.23694      24.74158      11278
3:36:56        125.30964      24.78660      11278
3:37:28        125.39215      24.83446      11270
3:37:58        125.46946      24.87789      11270
3:38:28        125.54746      24.92146      11270
3:38:58        125.62464      24.96469      11278
3:39:28        125.70104      25.00758      11278
3:40:03        125.78618      25.05551      11278
3:40:34        125.86675      25.10083      11270
3:41:07        125.95333      25.14952      11278
3:41:38        126.03365      25.19458      11278
3:42:15        126.12829      25.24754      11278
3:42:45        126.20493      25.29034      11278
3:43:24        126.30577      25.34653      11270
3:43:55        126.38626      25.39128      11278
3:44:25        126.46471      25.43479      11270
3:44:55        126.54193      25.47757      11278
3:45:31        126.63625      25.52953      11278
3:46:01        126.71579      25.57315      11278
3:46:32        126.79617      25.61709      11278
3:47:05        126.88027      25.66299      11278
3:47:35        126.96024      25.70670      11278
3:48:05        127.03885      25.74953      11278
3:48:35        127.11601      25.79157      11278
3:49:05        127.19596      25.83491      11270
3:49:35        127.27534      25.87802      11270
3:50:05        127.35383      25.92047      11278
3:50:35        127.43338      25.96344      11278
3:51:05        127.51261      26.00613      11278
3:51:35        127.59189      26.04882      11270
3:52:08        127.67580      26.09386      11278
3:52:39        127.76245      26.14270      11270
3:53:04        127.81774      26.18405      11278
3:53:34        127.87748      26.24289      11278
3:54:04        127.93357      26.30327      11278
3:54:36        127.99791      26.37212      11270
3:55:07        128.05548      26.43357      11278
3:55:46        128.13038      26.51196      11270
3:56:17        128.19656      26.57364      11300
3:56:47        128.26020      26.62692      11422
3:57:17        128.32929      26.68416      11544
3:57:48        128.39577      26.73921      11636
3:58:18        128.46231      26.79405      11720
3:58:48        128.52936      26.84926      11819
3:59:24        128.60987      26.91557      11887
3:59:58        128.68561      26.97784      11880
4:00:28        128.75211      27.03223      11880
4:00:58        128.81850      27.08647      11887
4:01:30        128.89303      27.14740      11880
4:02:02        128.96576      27.20694      11887
4:02:54        129.08049      27.30043      11887
4:03:24        129.14905      27.35600      11887
4:03:54        129.21720      27.41121      11887
4:04:24        129.28605      27.46689      11880
4:04:54        129.35466      27.52238      11887
4:05:27        129.42869      27.58232      11887
4:05:57        129.49712      27.63750      11887
4:06:27        129.56659      27.69337      11880
4:06:57        129.63529      27.74844      11887
4:07:27        129.70532      27.80461      11887
4:08:02        129.78651      27.86957      11880
4:08:33        129.85503      27.92432      11887
4:09:07        129.93594      27.98891      11887
4:09:53        130.04145      28.07277      11880
4:10:23        130.11157      28.12849       11887
4:10:53        130.18218      28.18451      11887
4:11:23        130.25216      28.23990      11887
4:11:53        130.32225      28.29533      11887
4:12:34        130.41791      28.37073      11887
4:13:04        130.48927      28.42685      11887
4:13:35        130.55978      28.48224      11887
4:14:05        130.63082      28.53799      11887
4:14:48        130.73257      28.61757      11880
4:15:18        130.80322      28.67271      11887
4:15:48        130.87490      28.72860      11887
4:21:01        131.62257      29.30566      11880
4:21:31        131.69548      29.36138      11880
4:22:02        131.77076      29.41878      11887
4:22:32        131.84428      29.47469      11880
4:23:02        131.91613      29.52929      11880
4:23:43        132.01716      29.60601      11887
4:24:25        132.11862      29.68158      11880
4:24:58        132.20192      29.74109      11887
4:25:28        132.27803      29.79492      11887
4:26:25        132.42042      29.89571      11887
4:26:56        132.49770      29.95033      11880
4:27:26        132.57230      30.00296      11880
4:27:56        132.64948      30.05757      11880
4:28:26        132.72616      30.10985      11887
4:28:57        132.80667      30.16072      11887
4:29:27        132.88541      30.20994      11887
4:30:01        132.97374      30.26547      11880
4:30:34        133.06156      30.32094      11887
4:31:05        133.14276      30.37254      11887
4:31:38        133.22705      30.42613      11887
4:32:08        133.30811      30.47758      11887
4:32:38        133.38715      30.52775      11887
4:33:16        133.48619      30.59041      11880
4:33:46        133.56628      30.64073      11887
4:34:22        133.65983      30.69946      11887
4:34:52        133.73915      30.74896      11880
4:35:22        133.81820      30.79826      11880
4:35:52        133.89829      30.84812      11880
4:36:22        133.97558      30.89621      11887
4:37:22        134.17558      30.99621      11887
4:38:33        134.32445      31.11186      11887
4:39:43        134.51434      31.22873      11880
4:40:13        134.59411      31.27752      11880
4:40:52        134.70025      31.34230      11887
4:41:23        134.78232      31.39229      11887
4:41:55        134.87014      31.44562      11887
4:42:28        134.95787      31.49883      11887
4:43:06        135.05800      31.55933      11887
4:43:52        135.18248      31.63448      11887
4:44:22        135.26384      31.68341      11887
4:44:59        135.36238      31.74253      11880
4:45:30        135.44932      31.79457      11887
4:46:00        135.53058      31.84314      11880
4:46:30        135.61172      31.89148      11887
4:47:01        135.69926      31.94359      11880
4:47:32        135.78373      31.99372      11880
4:48:02        135.86685      32.04279      11887
4:48:39        135.96663      32.10177      11880
4:49:09        136.04908      32.15039      11880
4:49:41        136.13888      32.20321      11880
4:50:13        136.22733      32.25511      11887
4:50:43        136.31079      32.30395      11880
4:51:13        136.39224      32.35149      11880
4:51:43        136.47409      32.39923      11880
4:52:13        136.55961      32.44900      11887
4:52:44        136.64347      32.49765      11887
4:53:14        136.72749      32.54631      11880
4:53:44        136.81049      32.59456      11887
4:54:14        136.89047      32.64134      11880
4:54:44        136.97743      32.69205      11887
4:55:14        137.05713      32.73851      11880
4:55:44        137.13796      32.78544      11880
4:56:15        137.22501      32.83580      11887
4:56:45        137.30510      32.88194      11880
4:57:15        137.38863      32.93003      11887
4:57:48        137.47915      32.98198      11880
4:58:19        137.56300      33.03003      11887
4:58:49        137.64749      33.07837      11880
4:59:19        137.72928      33.12497      11887
4:59:51        137.81486      33.17368      11887
5:00:22        137.90297      33.22377      11880
5:00:54        137.99015      33.27319      11887
5:01:25        138.07623      33.32190      11880
5:01:56        138.16283      33.37069      11887
5:02:27        138.24619      33.41762      11887
5:03:00        138.33671      33.46838      11880
5:03:30        138.42364      33.51705      11887
5:04:00        138.50464      33.56227      11887
5:04:30        138.59121      33.61048      11887
5:05:00        138.67521      33.65717      11872
5:05:30        138.75424      33.70102      11826
5:06:00        138.83810      33.74725      11712
5:06:30        138.92218      33.79372      11514
5:07:00        139.00233      33.83803      11240
5:07:30        139.08389      33.88330      10965
5:08:00        139.16600      33.92825      10782
5:08:30        139.24335      33.97047      10485
5:09:01        139.32816      34.01656      10081
5:09:31        139.40804      34.05994      9754
5:10:01        139.48689      34.10296      9411
5:10:31        139.56385      34.14472      9159
5:11:02        139.64413      34.18810      8870
5:11:32        139.71896      34.22855      8580
5:12:02        139.79387      34.26906      8291
5:12:32        139.86470      34.30724      8062
5:13:02        139.93841      34.34683      7772
5:13:32        140.00753      34.38395      7521
5:14:02        140.07804      34.42154      7338
5:14:32        140.14463      34.45688      7178
5:14:49        140.18429      34.47812      7117
5:15:08        140.22526      34.50531      6995
5:15:29        140.26167      34.53694      6858
5:16:05        140.31419      34.59769      6629
5:16:35        140.35656      34.64795      6424
5:17:05        140.40024      34.70004      6195
5:17:35        140.44252      34.75101      5959
5:17:57        140.46913      34.78984      5784
5:18:18        140.48761      34.82447      5631
5:18:48        140.51233      34.87777      5357
5:19:18        140.53773      34.93222      5113
5:19:48        140.56166      34.98340      4923
5:20:18        140.58683      35.03782      4702
5:20:48        140.60961      35.08675      4511
5:21:18        140.63442      35.13968      4313
5:21:48        140.65756      35.18940      4115
5:22:18        140.68062      35.23888      3940
5:22:48        140.70419      35.28937      3764
5:23:18        140.72680      35.33748      3551
5:23:48        140.74965      35.38608      3353
5:24:18        140.77211      35.43356      3170
5:24:48        140.79351      35.47847      3139
5:25:18        140.81241      35.51847      3063
5:25:38        140.82457      35.54580      3010
5:25:56        140.83111      35.56664      3002
5:26:20        140.83777      35.59598      3002
5:26:50        140.84683      35.63527      3002
5:27:11        140.85373      35.66311      3002
5:27:40        140.87025      35.69714      3002
5:28:10        140.89193      35.73193      2926
5:28:34        140.90790      35.75862      2766
5:28:50        140.91505      35.77776      2667
5:29:09        140.91777      35.80016      2545
5:29:39        140.92023      35.83782      2301
5:29:55        140.91760      35.85626      2202
5:30:12        140.90366      35.87398      2065
5:30:30        140.88230      35.88256      1913
5:30:48        140.85732      35.88135      1806
5:31:16        140.81818      35.87526      1783
5:31:43        140.78093      35.86931      1783
5:32:03        140.75047      35.86417      1783
5:32:33        140.70973      35.85747      1783
5:32:58        140.67575      35.85223      1783
5:33:16        140.64863      35.85434      1783
5:33:42        140.61471      35.86831      1730
5:34:03        140.58804      35.88048      1623
5:34:28        140.55452      35.89610      1509
5:34:49        140.52904      35.90790      1455
5:35:19        140.49088      35.92553      1379
5:35:40        140.46787      35.93610      1326
5:36:11        140.43560      35.95088      1250
5:36:31        140.41562      35.96058      1204
5:36:47        140.40030      35.96906      1143 
5:37:17        140.37278      35.98572      1029
5:37:47        140.34388      36.00320      975
5:38:17        140.31616      36.01989      922
5:38:37        140.29781      36.03092      884
5:38:53        140.28036      36.03625      861
5:39:11        140.26171      36.03603      869
5:39:29        140.24457      36.02794      869
5:39:47        140.23937      36.01397      869
5:40:05        140.24082      35.99771      861
5:40:24        140.25003      35.98329      869
5:40:49        140.26006      35.96812      869
5:41:19        140.27472      35.94782      869
5:41:49        140.29021      35.92655      861
5:42:19        140.30464      35.90667      701
5:42:49        140.31927      35.88652      556
5:43:19        140.33328      35.86720      434
5:43:49        140.34679      35.84853      305
5:44:15        140.35847      35.83237      198
5:44:31        140.36495      35.82344      137
5:44:47        140.37214      35.81355      69